-5 25
-4.89899 24.0001
-4.79798 23.0206
-4.69697 22.0615
-4.59596 21.1228
-4.49495 20.2046
-4.39394 19.3067
-4.29293 18.4292
-4.19192 17.5722
-4.09091 16.7355
-3.9899 15.9193
-3.88889 15.1235
-3.78788 14.348
-3.68687 13.593
-3.58586 12.8584
-3.48485 12.1442
-3.38384 11.4504
-3.28283 10.777
-3.18182 10.124
-3.08081 9.49138
-2.9798 8.8792
-2.87879 8.28742
-2.77778 7.71605
-2.67677 7.16509
-2.57576 6.63453
-2.47475 6.12438
-2.37374 5.63463
-2.27273 5.16529
-2.17172 4.71636
-2.07071 4.28783
-1.9697 3.87971
-1.86869 3.49199
-1.76768 3.12468
-1.66667 2.77778
-1.56566 2.45128
-1.46465 2.14519
-1.36364 1.8595
-1.26263 1.59423
-1.16162 1.34935
-1.06061 1.12489
-0.959596 0.920824
-0.858586 0.73717
-0.757576 0.573921
-0.656566 0.431078
-0.555556 0.308642
-0.454545 0.206612
-0.353535 0.124987
-0.252525 0.063769
-0.151515 0.0229568
-0.0505051 0.00255076
0.0505051 0.00255076
0.151515 0.0229568
0.252525 0.063769
0.353535 0.124987
0.454545 0.206612
0.555556 0.308642
0.656566 0.431078
0.757576 0.573921
0.858586 0.73717
0.959596 0.920824
1.06061 1.12489
1.16162 1.34935
1.26263 1.59423
1.36364 1.8595
1.46465 2.14519
1.56566 2.45128
1.66667 2.77778
1.76768 3.12468
1.86869 3.49199
1.9697 3.87971
2.07071 4.28783
2.17172 4.71636
2.27273 5.16529
2.37374 5.63463
2.47475 6.12438
2.57576 6.63453
2.67677 7.16509
2.77778 7.71605
2.87879 8.28742
2.9798 8.8792
3.08081 9.49138
3.18182 10.124
3.28283 10.777
3.38384 11.4504
3.48485 12.1442
3.58586 12.8584
3.68687 13.593
3.78788 14.348
3.88889 15.1235
3.9899 15.9193
4.09091 16.7355
4.19192 17.5722
4.29293 18.4292
4.39394 19.3067
4.49495 20.2046
4.59596 21.1228
4.69697 22.0615
4.79798 23.0206
4.89899 24.0001
5 25
